176 201 60
264 257 56
257 268 56
263 265 56
267 270 56
262 277 56
264 283 56
176 201 60
264 257 56
137 257 49
177 177 86
171 228 86
235 228 58
139 228 64
256 279 64
186 294 64
180 243 64
150 302 64
154 309 64
164 314 64
162 132 64
165 126 64
195 317 64
68 317 31
186 317 58
97 177 86
177 97 86
196 113 86
191 100 86
137 50 86
141 41 86
145 60 86
143 81 86
147 107 86
137 127 86
170 151 86
182 167 86
191 175 86
181 97 86
160 47 86
142 82 86
140 112 86
119 142 86
117 161 86
165 161 116
160 161 145
177 161 84
180 161 69
170 161 25
162 161 13
167 161 32
163 161 61
165 161 90
168 161 101
170 161 111
174 161 128
176 161 143
176 160 143
176 159 143
176 157 143
176 143 143
176 143 78
176 143 68
169 143 106
166 143 37
179 143 117
176 143 102
179 143 113
177 143 108
179 143 160
181 143 91
177 143 102
186 143 158
181 143 106
190 143 158
27 97 86
27 109 86
27 112 86
27 113 86
27 114 86
177 97 27
219 84 27
219 84 15
219 84 14
219 84 13
60 2 13
45 4 13
32 4 13
40 6 13
71 8 13
150 9 13
185 12 13
213 14 13
232 16 13
243 17 13
255 18 13
27 97 86
27 122 86
27 121 86
27 120 86
27 119 86
27 118 86
27 117 86
27 116 86
27 115 86
27 114 86
27 113 86
27 54 86
27 53 86
27 52 86
27 55 86
27 56 86
27 57 86
27 59 86
27 75 86
27 81 140
27 80 144
27 79 136
27 77 88
27 73 46
27 71 2
27 72 168
27 74 12
27 76 131
177 97 61
248 123 61
309 112 61
314 96 61
291 72 61
180 55 61
98 50 61
70 54 61
68 57 61
48 81 61
58 134 61
29 163 61
68 173 61
120 171 61
130 171 30
148 171 56
151 171 63
154 171 71
156 171 76
159 171 82
163 171 98
165 171 101
167 171 105
176 171 84
183 171 68
185 171 61
189 171 48
194 171 36
197 171 14
199 171 9
177 97 61
189 97 92
192 97 102
195 97 80
197 97 55
200 97 23
177 97 65
45 25 17
45 25 22
45 25 23
45 25 24
45 25 25
45 25 26
45 25 27
45 25 28
45 25 29
45 25 29
52 15 29
28 17 29
18 19 29
46 19 11
56 19 12
89 49 33
80 75 98
80 177 119
132 177 78
116 177 67
103 177 50
88 177 45
71 177 67
78 177 79
88 177 67
109 177 63
149 177 71
149 42 88
149 75 90
149 81 85
80 75 98
41 49 41
47 49 30
57 49 35
55 49 34
45 49 32
36 49 34
30 49 35
41 49 41
12 49 44
81 97 81
81 133 52
81 140 64
81 98 67
81 92 69
81 140 81
81 107 90
81 82 73
81 79 50
81 82 41
81 90 43
81 97 81
41 49 41
41 49 41
81 97 81
81 97 81
193 225 177
308 225 125
262 225 107
165 225 140
131 225 183
142 225 222
216 225 200
216 99 141
97 113 89
