268 242 108
268 227 124
268 242 108
268 263 100
268 257 89
268 230 32
268 249 35
268 259 42
246 259 86
119 259 94
119 245 107
119 275 90
119 284 33
119 292 42
119 274 27
119 256 23
119 229 16
249 229 87
239 229 96
248 229 123
234 229 112
216 229 73
214 229 49
229 229 37
229 235 83
120 311 65
99 308 65
90 299 65
98 307 65
109 311 65
136 307 65
160 250 65
159 226 65
162 220 65
164 214 65
172 209 65
204 224 65
209 250 65
216 272 65
70 156 65
109 150 65
147 134 65
205 151 65
303 230 65
299 290 65
250 313 65
250 256 115
250 228 127
250 305 110
250 315 63
250 151 31
250 175 22
174 175 93
155 175 76
214 251 76
221 273 76
235 283 76
267 233 76
269 210 76
243 206 76
223 209 76
147 237 76
150 291 76
156 283 76
212 275 76
222 283 76
227 290 76
213 276 76
98 222 76
129 222 66
234 262 66
128 273 66
117 273 82
103 273 87
113 267 87
104 242 87
113 211 87
218 211 68
233 211 92
251 211 115
255 211 78
235 211 48
213 211 52
133 229 52
139 242 52
144 289 52
137 283 52
116 303 52
120 306 52
125 309 52
125 287 35
125 275 31
125 250 29
125 218 64
125 221 83

