229 218 85
237 234 85
243 252 85
241 252 59
250 252 64
219 252 73
116 252 60
88 252 66
110 252 84
99 252 89
99 264 72
99 234 78
99 222 104
99 248 62
99 261 36
99 282 69
237 244 69
244 275 69
250 248 69
257 238 69
109 251 69
100 235 69
89 255 69
74 274 69
74 242 34
236 228 85
238 245 85
228 264 85
222 276 85
220 282 85
229 288 85
243 296 85
258 294 85
119 290 85
122 293 85
112 298 85
96 296 85
92 291 85
103 263 85
120 249 85
118 225 85
100 207 85
52 172 85
104 125 85
132 139 85
157 170 85
269 170 73
219 170 127
189 170 104
158 170 80
134 170 106
171 170 130
254 170 82
254 257 59
254 304 69
254 296 80
254 290 91
254 283 100
254 276 106
254 258 117
254 243 126
254 232 137
254 221 120
254 207 83
254 211 41
254 222 23
254 271 27
254 263 43
254 269 62
235 237 62
246 269 62
125 236 62
99 244 62
74 235 62
78 244 62
80 252 62
90 306 62
218 288 62
214 280 62
206 250 62
202 229 62
196 207 62
178 205 62
162 210 62
150 227 62
137 244 62
111 239 62
109 217 62
219 242 62
232 221 62
260 211 62
269 237 62
234 262 62
238 228 62
257 228 25
