276 192 41
253 207 41
259 231 41
244 264 41
234 222 41
218 200 41
225 217 41
124 200 41
116 220 41
98 243 41
104 271 41
231 271 82
233 271 66
246 271 44
246 252 78
246 236 101
246 219 60
246 237 48
246 251 68
227 251 89
76 251 72
91 251 96
99 251 113
103 251 117
209 218 94
226 214 41
239 240 41
250 260 41
122 216 41
125 223 41
138 239 41
136 247 41
130 270 41
120 287 41
106 292 41
97 296 41
72 287 41
57 261 41
114 172 41
138 195 41
155 200 41
182 194 41
199 199 41
210 211 41
212 232 41
242 210 41
285 178 41
285 191 81
285 187 107
285 209 117
285 224 128
285 240 125
285 253 119
285 268 112
285 279 100
285 284 77
285 263 66
285 256 76
285 254 104
267 254 75
245 254 87
240 254 63
265 254 37
284 254 25
115 254 59
91 254 46
131 212 46
108 208 46
150 198 46
210 235 46
243 235 49
239 235 77
225 235 80
118 263 80
125 238 80
136 211 80
153 187 80
94 109 80
194 104 80
247 104 41
139 104 52
128 104 106
207 104 108
179 104 72
284 104 94
284 262 78
284 234 115
284 219 131
284 263 115
284 279 102
284 287 91
277 292 91
188 195 91
180 189 91
169 192 91
