222 210 36
235 234 36
220 234 70
238 234 92
260 234 107
126 234 87
115 234 54
237 238 54
217 213 54
247 206 54
247 221 90
247 250 107
247 242 84
247 239 63
113 213 63
82 226 63
70 237 63
94 249 63
112 267 63
128 228 63
230 228 86
249 228 70
261 228 79
261 246 57
261 238 69
254 210 36
233 225 36
236 242 36
206 153 36
174 134 36
112 143 36
121 168 36
136 185 36
131 213 36
107 232 36
65 203 36
50 150 36
77 139 36
145 146 36
210 155 36
205 215 36
208 238 36
179 223 36
167 212 36
163 207 36
155 212 36
148 222 36
273 222 71
247 222 102
218 222 74
234 222 55
251 222 35
263 222 87
235 222 94
229 222 70
95 222 72
99 222 50
132 222 94
144 222 115
149 222 107
154 222 103
161 222 91
160 222 62
157 222 51
153 222 45
153 187 61
153 168 70
153 151 92
153 162 116
153 177 120
153 190 107
153 171 91
153 148 81
153 138 67
153 155 41
153 178 35
153 217 68
153 229 75
153 235 91
153 218 99
248 257 99
244 242 99
231 224 99
193 212 99
177 206 99
167 201 99
140 199 99
104 218 99
84 198 99
107 186 99
184 187 99
231 189 99
255 202 99
226 218 99
240 218 39
