224 215 48
249 207 48
268 185 48
287 211 48
253 233 48
104 206 48
89 229 48
254 229 30
235 229 59
261 229 64
252 229 44
97 229 72
90 229 46
90 269 72
90 252 68
90 277 22
90 298 61
90 199 94
90 155 104
90 176 74
90 207 31
262 221 31
240 196 31
114 216 31
301 193 31
200 177 48
220 195 48
240 216 48
257 233 48
280 282 48
208 304 48
172 298 48
167 265 48
184 237 48
179 207 48
164 190 48
83 182 48
65 174 48
98 211 48
107 211 45
116 211 66
87 211 75
69 211 78
48 211 59
104 211 25
119 211 29
138 211 77
151 211 72
158 211 54
162 211 36
211 211 34
202 211 53
208 211 59
248 211 66
258 211 37
258 204 53
258 155 92
258 135 112
258 168 42
258 215 31
258 233 25
232 218 25
254 245 25
284 243 25
298 233 25
308 224 25
314 208 25
294 172 25
239 161 25
184 112 25
115 80 25
96 72 25
62 121 25
49 141 25
42 201 25
56 268 25
68 280 25
96 288 25
94 272 25
123 176 25
141 154 25
189 123 25
247 114 25
254 114 47
166 114 84
162 114 103
122 114 113
110 165 113
124 179 113
124 245 73
124 248 43
124 271 28
124 240 19
124 198 48
124 192 69
